[Documentation]
information1 = This file stores the OID assignments for resources defined in this IG.
information2 = It must be added to git and committed when resources are added or their id is changed
information3 = You should not generally need to edit this file, but if you do:
information4 =  (a) you can change the id of a resource (left side) if you change it's actual id in your source, to maintain OID consistency
information5 =  (b) you can change the oid of the resource to an OID you assign manually. If you really know what you're doing with OIDs
information6 = There is never a reason to edit anything else

[Key]
CodeSystem = 1
ValueSet = 3
StructureDefinition = 7
OperationDefinition = 7
CapabilityStatement = 1

[CodeSystem]
include-associated-data = 2.16.840.1.113883.4.642.40.74.16.1

[ValueSet]
group-type-subset = 2.16.840.1.113883.4.642.40.74.48.1
include-associated-data = 2.16.840.1.113883.4.642.40.74.48.2
submission-status = 2.16.840.1.113883.4.642.40.74.48.3

[StructureDefinition]
BulkDataManifest = 2.16.840.1.113883.4.642.40.74.42.1
BulkPublishManifest = 2.16.840.1.113883.4.642.40.74.42.2
BulkSubmitStatusManifest = 2.16.840.1.113883.4.642.40.74.42.3
bulk-cohort-group = 2.16.840.1.113883.4.642.40.74.42.4
member-filter = 2.16.840.1.113883.4.642.40.74.42.5
members-refreshed = 2.16.840.1.113883.4.642.40.74.42.6
operation-not-supported = 2.16.840.1.113883.4.642.40.74.42.7

[OperationDefinition]
async = 2.16.840.1.113883.4.642.40.74.33.1
bulk-publish = 2.16.840.1.113883.4.642.40.74.33.2
bulk-submit-status = 2.16.840.1.113883.4.642.40.74.33.3
bulk-submit = 2.16.840.1.113883.4.642.40.74.33.4
export = 2.16.840.1.113883.4.642.40.74.33.5
group-export = 2.16.840.1.113883.4.642.40.74.33.6
patient-export = 2.16.840.1.113883.4.642.40.74.33.7

[CapabilityStatement]
bulk-data = 2.16.840.1.113883.4.642.40.74.13.1

